#Pressure (bar)      Temperature (K)
9.999999999999999547e-07 2.311043639172850135e+02
1.052068671023622922e-06 2.311043639172850135e+02
1.106848488549411890e-06 2.311043639172850135e+02
1.164480618372685418e-06 2.311043639172850135e+02
1.225113576604117707e-06 2.311043639172850135e+02
1.288903612390891551e-06 2.311043639172850135e+02
1.356015110565632070e-06 2.311043639172850135e+02
1.426621015260735510e-06 2.311043639172850135e+02
1.500903275579733511e-06 2.311043639172850135e+02
1.579053314474172537e-06 2.311043639172850135e+02
1.661272522034289524e-06 2.311043639172850135e+02
1.747772774464677342e-06 2.311043639172850135e+02
1.838776980082323141e-06 2.311043639172850135e+02
1.934519653744040411e-06 2.311043639172850135e+02
2.035247521183571439e-06 2.311043639172850135e+02
2.141220154815722780e-06 2.311043639172850135e+02
2.252710642645973484e-06 2.311043639172850135e+02
2.370006292009330201e-06 2.311043639172850135e+02
2.493409369951880510e-06 2.311043639172850135e+02
2.623237882163123428e-06 2.311043639172850135e+02
2.759826392466180516e-06 2.311043639172850135e+02
2.903526884977813914e-06 2.311043639172850135e+02
3.054709671159967875e-06 2.311043639172850135e+02
3.213764344100275447e-06 2.311043639172850135e+02
3.381100782480682084e-06 2.311043639172850135e+02
3.557150206821382261e-06 2.311043639172850135e+02
3.742366290721976852e-06 2.311043639172850135e+02
3.937226329963474861e-06 2.311043639172850135e+02
4.142232472483889563e-06 2.311043639172850135e+02
4.357913012397020864e-06 2.311043639172850135e+02
4.584823751389086276e-06 2.311043639172850135e+02
4.823549431001457655e-06 2.311043639172850135e+02
5.074705239490455726e-06 2.311043639172850135e+02
5.338938397147338930e-06 2.311043639172850135e+02
5.616929824163792602e-06 2.311043639172850135e+02
5.909395895340952520e-06 2.311043639172850135e+02
6.217090286163807561e-06 2.311043639172850135e+02
6.540805914998259011e-06 2.311043639172850135e+02
6.881376986415670447e-06 2.311043639172850135e+02
7.239681140910877308e-06 2.311043639172850135e+02
7.616641716552891624e-06 2.311043639172850135e+02
8.013230128396886409e-06 2.311043639172850135e+02
8.430468371788966871e-06 2.311043639172850135e+02
8.869431656014703437e-06 2.311043639172850135e+02
9.331251175078239952e-06 2.311043639172850135e+02
9.817117022752183588e-06 2.311043639172850135e+02
1.032828125941027455e-05 2.311043639172850135e+02
1.086606113854595793e-05 2.311043639172850135e+02
1.143184250129148043e-05 2.311043639172850135e+02
1.202708334768509577e-05 2.311043639172850135e+02
1.265331759388940346e-05 2.311043639172850135e+02
1.331215902504304972e-05 2.311043639172850135e+02
1.400530545393216797e-05 2.311043639172850135e+02
1.473454309619831304e-05 2.311043639172850135e+02
1.550175117335765646e-05 2.311043639172850135e+02
1.630890675549327544e-05 2.311043639172850135e+02
1.715808985610006650e-05 2.311043639172850135e+02
1.805148879221109997e-05 2.311043639172850135e+02
1.899140582361935687e-05 2.311043639172850135e+02
1.998026308572550550e-05 2.311043639172850135e+02
2.102060883130158218e-05 2.311043639172850135e+02
2.211512399725488825e-05 2.311043639172850135e+02
2.326662911331457806e-05 2.311043639172850135e+02
2.447809157044440178e-05 2.311043639172850135e+02
2.575263326771198816e-05 2.311043639172850135e+02
2.709353865732048913e-05 2.311043639172850135e+02
2.850426320853431721e-05 2.311043639172850135e+02
2.998844231231024705e-05 2.311043639172850135e+02
3.154990064958082004e-05 2.311043639172850135e+02
3.319266204733182932e-05 2.311043639172850135e+02
3.492095984787264260e-05 2.311043639172850135e+02
3.673924781802066352e-05 2.311043639172850135e+02
3.865221162631253852e-05 2.311043639172850135e+02
4.066478091781845658e-05 2.311043639172850135e+02
4.278214201767603918e-05 2.311043639172850135e+02
4.500975129608032933e-05 2.311043639172850135e+02
4.735334922917120825e-05 2.311043639172850135e+02
4.981897519205165294e-05 2.311043639172850135e+02
5.241298302206061528e-05 2.311043639172850135e+02
5.514205739240301971e-05 2.311043639172850135e+02
5.801323103833378413e-05 2.311043639172850135e+02
6.103390288028621123e-05 2.311043639172850135e+02
6.421185709064758558e-05 2.311043639172850135e+02
6.755528315331639933e-05 2.311043639172850135e+02
7.107279696773411630e-05 2.311043639172850135e+02
7.477346305177580746e-05 2.311043639172850135e+02
7.866681790071573745e-05 2.311043639172850135e+02
8.276289456246334862e-05 2.311043639172850135e+02
8.707224849239904372e-05 2.311043639172850135e+02
9.160598475443690433e-05 2.311043639172850135e+02
9.637578663841069894e-05 2.311043639172850135e+02
1.013939457675289726e-04 2.311043639172850135e+02
1.066733937734854848e-04 2.311043639172850135e+02
1.122277356208504833e-04 2.311043639172850135e+02
1.180712846666186617e-04 2.311043639172850135e+02
1.242190995452613681e-04 2.311043639172850135e+02
1.306870229743347734e-04 2.311043639172850135e+02
1.374917225806420514e-04 2.311043639172850135e+02
1.446507338521647108e-04 2.311043639172850135e+02
1.521825053264387075e-04 2.311043639172850135e+02
1.601064461318317826e-04 2.311043639172850135e+02
1.684429760042315200e-04 2.311043639172850135e+02
1.772135779080358372e-04 2.311043639172850135e+02
1.864408533970485140e-04 2.311043639172850135e+02
1.961485808579429278e-04 2.311043639172850135e+02
2.063617767863856604e-04 2.311043639172850135e+02
2.171067602537262700e-04 2.311043639172850135e+02
2.284112207303820846e-04 2.311043639172850135e+02
2.403042894406964760e-04 2.311043639172850135e+02
2.528166144331495417e-04 2.311043639172850135e+02
2.659804395593753056e-04 2.311043639172850135e+02
2.798296875655110301e-04 2.311043639172850135e+02
2.944000475100027681e-04 2.311043639172850135e+02
3.097290667331400256e-04 2.311043639172850135e+02
3.258562476153216577e-04 2.311043639172850135e+02
3.428231493733959975e-04 2.311043639172850135e+02
3.606734951574031380e-04 2.311043639172850135e+02
3.794532847236941936e-04 2.311043639172850135e+02
3.992109129748053426e-04 2.311043639172850135e+02
4.199972946715306360e-04 2.311043639172850135e+02
4.418659956385941382e-04 2.311043639172850135e+02
4.648733708020256735e-04 2.311043639172850135e+02
4.890787094139589959e-04 2.311043639172850135e+02
5.145443878390924645e-04 2.311043639172850135e+02
5.413360302965375317e-04 2.311043639172850135e+02
5.695226779712819114e-04 2.311043639172850135e+02
5.991769669310612447e-04 2.311043639172850135e+02
6.303753153071268382e-04 2.311043639172850135e+02
6.631981202212661446e-04 2.311043639172850135e+02
6.977299649665523159e-04 2.311043639172850135e+02
7.340598369757196477e-04 2.311043639172850135e+02
7.722813571388626331e-04 2.311043639172850135e+02
8.124930210614031249e-04 2.311043639172850135e+02
8.547984528840387938e-04 2.311043639172850135e+02
8.993066723187595826e-04 2.311043639172850135e+02
9.461323755890778788e-04 2.311043639172850135e+02
9.953962309984243362e-04 2.311043639172850135e+02
1.047225189888433255e-03 2.311041645615752032e+02
1.101752813788385100e-03 2.310563081757866257e+02
1.159119618598883393e-03 2.306665737881276925e+02
1.219473436696738231e-03 2.300803424348113992e+02
1.282969797894147577e-03 2.294596427353340857e+02
1.349772330233941706e-03 2.288626137523738464e+02
1.420053181653681794e-03 2.286443281181560110e+02
1.493993463605256282e-03 2.286101810677984929e+02
1.571783717773161211e-03 2.285770326724634174e+02
1.653624407094178702e-03 2.285421585974777940e+02
1.739726432343799032e-03 2.285056870591209304e+02
1.830311675620609202e-03 2.284719628196328358e+02
1.925613572129194779e-03 2.284415906815299024e+02
2.025877711735016989e-03 2.284098617475100639e+02
2.131362471841437810e-03 2.283764809567999805e+02
2.242339683219845160e-03 2.283413620726798854e+02
2.359095330508633771e-03 2.283072832458044843e+02
2.481930289186252882e-03 2.283970884740151917e+02
2.611161100917456981e-03 2.288366208497673426e+02
2.747120789270808897e-03 2.293702575617823243e+02
2.890159717909505498e-03 2.299294148139736933e+02
3.040646493467062499e-03 2.303567549278044737e+02
3.198968915434531081e-03 2.304056652596044330e+02
3.365534975507094261e-03 2.303748337984359296e+02
3.540773908965269903e-03 2.303420351535658313e+02
3.725137300800209720e-03 2.303075287268460158e+02
3.919100249433401899e-03 2.302712284814563759e+02
4.123162591029748240e-03 2.302339574489734844e+02
4.337850187558984702e-03 2.302013773530457854e+02
4.563716281924754155e-03 2.301704831297219869e+02
4.801342923653445505e-03 2.301380604644305663e+02
5.051342468816755714e-03 2.301039495940464406e+02
5.314359158053230496e-03 2.300679950231821920e+02
5.591070776755292966e-03 2.300159814072330846e+02
5.882190401699956099e-03 2.297952274632024512e+02
6.188468238624383194e-03 2.294583865742233968e+02
6.510693555481454793e-03 2.291002631296306333e+02
6.849696716357440117e-03 2.287234909557789138e+02
7.206351321293044850e-03 2.283271007555560743e+02
7.581576457522102262e-03 2.279110791401214442e+02
7.976339067929265336e-03 2.276129955353307537e+02
8.391656442830144891e-03 2.278616877475496381e+02
8.828598841495149604e-03 2.282380743646849339e+02
9.288292250172499112e-03 2.286349684991549793e+02
9.771921283717996398e-03 2.290525043279952229e+02
1.028073223830864788e-02 2.294589534253207432e+02
1.081603630310709434e-02 2.295878766757153642e+02
1.137921293915313860e-02 2.295601351815384135e+02
1.197171343418965660e-02 2.295273164902414180e+02
1.259506464258356405e-02 2.294927889992949019e+02
1.325087291997951132e-02 2.294565320218538034e+02
1.394082826282575654e-02 2.294210341755996012e+02
1.466670866343968566e-02 2.293907241679151525e+02
1.543038469183564618e-02 2.293599456730908912e+02
1.623382431612278159e-02 2.293275721184335509e+02
1.707909797389426873e-02 2.292935129158088614e+02
1.796838390767719132e-02 2.292576803754337789e+02
1.890397377819219571e-02 2.292200991162895889e+02
1.988827856988807652e-02 2.291843850855585458e+02
2.092383480396974721e-02 2.291540776119860254e+02
2.201331107493027794e-02 2.291231404515310714e+02
2.315951492743149875e-02 2.290905977511609706e+02
2.436540009125465894e-02 2.290563605956310482e+02
2.563407409296514922e-02 2.290203688353886662e+02
2.696880626390692551e-02 2.290133946696712997e+02
2.837303616516211394e-02 2.298822396482972010e+02
2.985038245118729408e-02 2.320219627218352798e+02
3.140465219496749172e-02 2.343260600176344610e+02
3.303985069871855085e-02 2.354044850409912328e+02
3.476019181541974146e-02 2.349948614014665509e+02
3.657010880777485790e-02 2.344242946584815286e+02
3.847426577258498265e-02 2.338246377015614428e+02
4.047756965997321987e-02 2.332468954891478461e+02
4.258518291843414738e-02 2.327570324677256792e+02
4.480253679829489938e-02 2.322593089017953503e+02
4.713534534786906899e-02 2.317357387705716008e+02
4.958962013837212024e-02 2.311979567350580567e+02
5.217168575554343574e-02 2.308699486960426555e+02
5.488819609789665627e-02 2.308133229540819684e+02
5.774615152359813958e-02 2.307805322884015595e+02
6.075291689016065061e-02 2.307460527993278845e+02
6.391624053343993028e-02 2.307153181760985774e+02
6.724427423484249933e-02 2.308145369078482361e+02
7.074559422819878818e-02 2.311084404196760431e+02
7.442922330043758028e-02 2.314312076259879234e+02
7.830465404301183152e-02 2.317707929452208475e+02
8.238187331399601798e-02 2.321280594913710331e+02
8.667138797389224714e-02 2.325029506825753742e+02
9.118425196146562328e-02 2.328611387891938023e+02
9.593209477938231811e-02 2.331738998428234879e+02
1.009271514630569744e-01 2.334950154008808170e+02
1.061822941099382495e-01 2.338328454261563536e+02
1.117110650504824221e-01 2.341882703022232874e+02
1.175277117462945192e-01 2.345686785000364694e+02
1.236472235053715091e-01 2.352882167187461846e+02
1.300853701090570469e-01 2.368030909513128108e+02
1.368587424502517857e-01 2.385171421242573899e+02
1.439847952876006643e-01 2.403210840305721092e+02
1.514818922258344136e-01 2.422205233076176398e+02
1.593693530381772860e-01 2.444083198793559575e+02
1.676675034527697339e-01 2.471891836513189276e+02
1.763977275314041748e-01 2.502057683509678725e+02
1.855825227755519002e-01 2.533799790365602860e+02
1.952455581016860897e-01 2.567465961148531619e+02
2.054117348353064199e-01 2.616893144005558725e+02
2.161072508808376536e-01 2.707928960796317597e+02
2.273596682327715113e-01 2.812733388683873272e+02
2.391979840020237169e-01 2.923052112070257067e+02
2.516527051405388904e-01 3.040573400708041163e+02
2.647559270567063638e-01 3.171223863890730286e+02
2.785414163241763386e-01 3.274318803771136004e+02
2.930446976972144180e-01 3.346844249991465858e+02
3.083031456568277040e-01 3.420761223694461250e+02
3.243560807235811305e-01 3.495139293083356051e+02
3.412448707852889229e-01 3.562656597673883994e+02
3.590130377007068607e-01 3.628966260138637949e+02
3.777063694539364302e-01 3.681181777576380796e+02
3.973730381485604535e-01 3.723625094048381925e+02
4.180637241455753550e-01 3.768067074496008786e+02
4.398317466650219498e-01 3.819490074014893821e+02
4.627332011878683704e-01 3.878367168366384590e+02
4.868271040122283955e-01 3.938150978019087347e+02
5.121755443364240934e-01 3.985847400290367091e+02
5.388438442608223244e-01 4.029117842477936051e+02
5.669007271207433529e-01 4.081574197712710657e+02
5.964184945842460062e-01 4.153554827696212897e+02
6.274732129711574347e-01 4.231582587451632094e+02
6.601449092734883450e-01 4.301154261780317825e+02
6.945177773823688616e-01 4.360642170979092498e+02
7.306803950529492386e-01 4.422601780818103521e+02
7.687259521663719619e-01 4.486489301491063770e+02
8.087524908770457044e-01 4.544716727782444536e+02
8.508631582640581170e-01 4.601505328520092917e+02
8.951664721378301826e-01 4.661151694610811091e+02
9.417766006869519035e-01 4.723637251621503879e+02
9.908136566858666283e-01 4.784890982995313493e+02
1.042404007021555890e+00 4.845300059802513033e+02
1.096680598336867485e+00 4.908572157701489118e+02
1.153783299629659753e+00 4.975203809409247242e+02
1.213859262690626384e+00 5.046781216998676314e+02
1.277063301308642096e+00 5.123373395851900796e+02
1.343558290220826290e+00 5.204008621783385706e+02
1.413515584835395744e+00 5.288411304833180111e+02
1.487115462808953792e+00 5.371614877829969146e+02
1.564547588616095775e+00 5.453993399044323951e+02
1.646011502308549757e+00 5.540451715977488902e+02
1.731717133723352786e+00 5.630067625692130378e+02
1.821885343465165175e+00 5.709682202580880812e+02
1.916748492056812969e+00 5.780232684070998630e+02
2.016551038724744505e+00 5.853667017547109026e+02
2.121550171362448278e+00 5.926773740080631114e+02
2.232016469295234451e+00 5.998054805767105790e+02
2.348234600554276241e+00 6.072489480282631575e+02
2.470504055456825387e+00 6.150864005498033293e+02
2.599139918382932901e+00 6.236350933606970557e+02
2.734473679737579932e+00 6.335240560398818843e+02
2.876854090190591240e+00 6.440814584883499947e+02
3.026648059395689039e+00 6.550337026423688940e+02
3.184241601504649744e+00 6.650960311660512616e+02
3.350040829913129237e+00 6.746987641268773359e+02
3.524473003801580351e+00 6.844635618821084790e+02
3.707987629168172372e+00 6.941782272254364443e+02
3.901057617190993199e+00 7.043252028055592291e+02
4.104180502904709371e+00 7.145392624800530257e+02
4.317879727332021744e+00 7.236974199676031958e+02
4.542705986374042659e+00 7.330361404868741602e+02
4.779238649935595440e+00 7.428334235470339308e+02
5.028087254942475326e+00 7.530209098248793680e+02
5.289893076098145741e+00 7.636910999868831595e+02
5.565330778427640013e+00 7.748144370675580603e+02
5.855110155867231825e+00 7.856640770045810314e+02
6.159977960380168760e+00 7.964908693267550461e+02
6.480719826311970522e+00 8.072591554564362468e+02
6.818162294944479562e+00 8.180420389287507987e+02
7.173174944465612768e+00 8.293264688338426822e+02
7.546672630843886509e+00 8.406626437515575390e+02
7.939617845382275441e+00 8.522319069154503950e+02
8.353023195026770154e+00 8.643903933288493135e+02
8.787954011821311084e+00 8.771605504545948406e+02
9.245531098233561451e+00 8.903860132223780965e+02
9.726933615426178292e+00 9.041515953416663933e+02
1.023340212191641285e+01 9.183974432593046231e+02
1.076624177045492203e+01 9.315772825609017218e+02
1.132682567136153828e+01 9.461831611179638912e+02
1.191659843098558724e+01 9.590712366942736935e+02
1.253707987440919602e+01 9.704375731971960022e+02
1.318986896198669179e+01 9.873010409529401841e+02
1.387664790981307128e+01 1.001683525823988134e+03
1.459918652473978717e+01 1.016249634869168290e+03
1.535934676510897035e+01 1.030991554251324942e+03
1.615908753895917371e+01 1.045917018661446491e+03
1.700046975206716482e+01 1.061018379289066388e+03
1.788566161883460026e+01 1.076303192548293964e+03
1.881694424970555701e+01 1.091764001156755739e+03
1.979671752951332664e+01 1.104984838380065867e+03
2.082750630190514229e+01 1.123228420073964799e+03
2.191196687578147362e+01 1.138301643617056243e+03
2.305289387051706029e+01 1.153938307893019100e+03
2.425322741760352940e+01 1.171537424108067853e+03
2.551606073727183954e+01 1.187485473909391658e+03
2.684464810961962655e+01 1.205035793412782368e+03
2.824241326078432834e+01 1.221077114885436004e+03
2.971295818577334202e+01 1.239015921051289979e+03
3.126007243068703545e+01 1.253034923989780737e+03
3.288774285825510191e+01 1.273714840096099806e+03
3.460016392185108458e+01 1.291332478089934966e+03
3.640174847446137818e+01 1.309132550765937594e+03
3.829713914046281076e+01 1.327109683916954054e+03
4.029122027951348173e+01 1.345269053279560012e+03
4.238913057338778856e+01 1.363605688331334022e+03
4.459627626819091262e+01 1.382124347855750329e+03
4.691834510607794329e+01 1.400820491552885187e+03
4.936132098237916921e+01 1.419698434713324559e+03
5.193149936590211979e+01 1.438754093801448107e+03
5.463550352214875971e+01 1.457991314071126681e+03
5.748030158125351363e+01 1.477406495296892444e+03
6.047322449462642879e+01 1.497002986148030459e+03
6.362198492657488913e+01 1.516777696259118784e+03
6.693469712958660978e+01 1.536733451162940355e+03
7.041989785449288775e+01 1.556867696908055905e+03
7.408656834939560554e+01 1.577182709334789024e+03
7.794415750404942855e+01 1.597676497463663964e+03
8.200260619934130091e+01 1.618350760882539589e+03
8.627237292461450124e+01 1.639204098145931766e+03
9.076446072885356386e+01 1.660237606025184732e+03
9.549044557518077170e+01 1.681450499174878587e+03
1.004625061717340344e+02 1.702843244981746238e+03
1.056934553557988323e+02 1.724415700770553485e+03
1.111967731120698915e+02 1.746167677971277044e+03
1.169866413101306932e+02 1.768099703153033943e+03
1.230779802506664566e+02 1.790210905212858052e+03
1.294864871145903464e+02 1.812502506542429728e+03
1.362286764141646813e+02 1.834972926925601087e+03
1.433219225503573853e+02 1.857624111158878577e+03
1.507845045861051005e+02 1.880453743328646624e+03
1.586356533508589735e+02 1.903464517222548466e+03
1.668956009978023189e+02 1.926653354641165379e+03
1.755856331414468912e+02 1.950023724953637611e+03
1.847281437099634047e+02 1.973571761082357853e+03
1.943466926536020196e+02 1.997301734572372879e+03
2.044660666579115684e+02 2.021208962871453650e+03
2.151123430182165066e+02 2.045298546299012287e+03
2.263129568399529603e+02 2.069564960227713073e+03
2.380967717380358408e+02 2.094014160353843636e+03
2.504941542174502445e+02 2.118639753370424842e+03
2.635370519267393092e+02 2.143448576957183377e+03
2.772590759860481171e+02 2.168433342518908830e+03
2.916955876018795948e+02 2.193601796329379340e+03
3.068837891917642082e+02 2.218945727892512878e+03
3.228628202536730214e+02 2.244473818690807093e+03
3.396738582272205917e+02 2.270176909710616656e+03
3.573602246065784698e+02 2.296064644261874946e+03
3.759674965785467293e+02 2.322126888192627575e+03
3.955436244734701745e+02 2.348374273263018040e+03
4.161390553316707042e+02 2.374795663557983062e+03
4.378068629038166364e+02 2.401402705914702892e+03
4.606028844202398318e+02 2.428183236026151008e+03
4.845858644816495939e+02 2.455149942437427399e+03
5.098176064420424609e+02 2.482289605816630228e+03
5.363631316739240447e+02 2.509615983051715375e+03
5.642908471262536523e+02 2.537114773148945915e+03
5.936727216069119777e+02 2.564800827978124744e+03
6.245844712439618434e+02 2.592658738242656455e+03
6.571057546036270196e+02 2.620704477437239348e+03
6.913203779678127603e+02 2.648921501317346610e+03
7.273165113001454074e+02 2.677326931649677135e+03
7.651869154570817955e+02 2.705903062592633432e+03
8.050291812295980662e+02 2.734668190836081976e+03
8.469459808314585416e+02 2.763603422288163983e+03
8.910453324821512524e+02 2.792728255217129572e+03
9.374408787662990790e+02 2.822022580623612157e+03
9.862521794868783900e+02 2.851507125013525638e+03
1.037605019766911710e+03 2.881160537818685498e+03
1.091631734193614648e+03 2.911004379789142149e+03
1.148471547840289077e+03 2.941017294093117016e+03
1.208270935044776024e+03 2.971220361604574464e+03
1.271183996869027624e+03 3.001592849666672919e+03
1.337372858212494975e+03 3.032155136191054680e+03
1.407008085602685014e+03 3.062887204759148517e+03
1.480269126739508692e+03 3.093808703767380848e+03
1.557344772926135192e+03 3.124900359590366861e+03
1.638433645577984635e+03 3.156181064552381031e+03
1.723744708063619782e+03 3.187632314380182834e+03
1.813497804196495281e+03 3.219272218764914669e+03
1.907924224765265080e+03 3.251083069348480876e+03
2.007267303562568259e+03 3.283082166623867579e+03
2.111783044448241981e+03 3.315252624715174079e+03
2.221740781062884707e+03 3.347610908348160592e+03
2.337423870891815113e+03 3.380140980700207820e+03
2.459130425468043995e+03 3.412858444156737733e+03
2.587174078595923675e+03 3.445748137523552941e+03
2.721884794575179512e+03 3.478824774268578039e+03
2.863609718508115748e+03 3.512074095405213939e+03
3.012714070881164389e+03 3.545509898902686473e+03
3.169582088726115217e+03 3.579118854565223501e+03
3.334618015786362776e+03 3.612913818278099825e+03
3.508247144239788668e+03 3.646882415223644330e+03
3.690916910662778264e+03 3.681036532613884447e+03
3.883098049059604818e+03 3.715364777600569596e+03
4.085285803928561108e+03 3.749878042129135338e+03
4.298001206490798722e+03 3.784565941916121574e+03
4.521792417370702424e+03 3.819438347042976602e+03
4.757236139187889421e+03 3.854485908390451186e+03
5.004939102700953299e+03 3.889717447574564630e+03
5.265539630332755223e+03 3.925124677243740734e+03
5.539709281106400340e+03 3.960715343943082644e+03
5.828154581230839540e+03 3.996482248696202078e+03
6.131618844795774748e+03 4.032432036367746605e+03
6.450884089267692616e+03 4.068558622968077998e+03
6.786773050723295455e+03 4.104867525067797033e+03
7.140151304013403205e+03 4.141353800279639472e+03
7.511929493320968504e+03 4.178021810262511281e+03
7.903065678861347806e+03 4.214867780851185671e+03
8.314567805772063366e+03 4.251894892171189895e+03
8.747496301554416277e+03 4.289100564903050326e+03
9.202966808760409549e+03 4.326486771013165708e+03
9.682153059967076842e+03 4.364052152655591271e+03
1.018628990244686429e+04 4.401797447007802475e+03
1.071667648032864417e+04 4.439722544329203629e+03
1.127467958244947295e+04 4.477826920374493056e+03
1.186173716452479130e+04 4.516111740144302530e+03
1.247936205471311405e+04 4.554575191332657596e+03
1.312914585212465317e+04 4.593219740321342215e+03
1.381276302832009424e+04 4.632042260101748070e+03
1.453197524236895333e+04 4.671046545080799660e+03
1.528863588058729511e+04 4.710228126901246469e+03
1.608469483265355120e+04 4.749592154643189133e+03
1.692220351641035450e+04 4.789132791950662977e+03
1.780332016430111980e+04 4.828856569229047636e+03
1.873031538506438301e+04 4.868756255469540520e+03
1.970557801501800350e+04 4.908839789058949464e+03
2.073162127401231191e+04 4.949098517677448399e+03
2.181108924191520055e+04 4.989541814353485279e+03
2.294676367231936092e+04 5.030159578793985929e+03
2.414157116103017688e+04 5.070962645333292130e+03
2.539859068780723828e+04 5.111939439038783348e+03
2.672106155079432574e+04 5.153102282219025255e+03
2.811239171408467155e+04 5.194438098631503635e+03
2.957616658993256715e+04 5.235960725231379001e+03
3.111615827824363078e+04 5.277655557791830688e+03
3.273633528715247667e+04 5.319537974591064994e+03
3.444087275973823125e+04 5.361591816739487513e+03
3.623416323323149845e+04 5.403834030518838517e+03
3.812082795843888016e+04 5.446246875694220762e+03
4.010572880855495896e+04 5.488848893235473952e+03
4.219398080805024074e+04 5.531620734875809831e+03
4.439096531392166798e+04 5.574582562961784788e+03
4.670234388327330817e+04 5.617713394504064127e+03
4.913407286296366510e+04 5.661035039918608163e+03
5.169241873891603609e+04 5.704524854798823981e+03
5.438397428464801487e+04 5.748206324326806680e+03
5.721567555063252075e+04 5.792055115979952461e+03
6.019481973827274487e+04 5.836096416407287506e+03
6.332908400455114315e+04 5.880304178267347197e+03
6.662654524581150326e+04 5.924705316380973272e+03
7.009570091165618214e+04 5.969272041880940378e+03
7.374549090259546938e+04 6.014033024468825715e+03
7.758532060787844239e+04 6.058958707040688751e+03
8.162508514287236903e+04 6.104079540891830220e+03
8.587519484845179250e+04 6.149364173966574526e+03
9.034660211810533656e+04 6.194844865871006732e+03
9.505082962189511454e+04 6.240488442878617207e+03
1.000000000000000000e+05 6.286328999627399753e+03
